version=0.200000
numParams=1
version=0x1.999999999999ap-3
baseType=matrix
type=doubleMatrix
numRows=1
numCols=1
0x1.59cd3abc35859p+2 
